1   -60   1600  1380  250  right
2   1600  -60   1330  280  left
3   1600  -60   1190  300  left
4   -60   1600  1130  240  right
5   1600  -60   1000  320  left
6   1600  -60   950   240  left 
7   -60	  1600  690   270  right
8   1600  -60   640   230  left
9   1600  -60   500   220  left
10  -60   1600  450   200  right
11  -60   1600  340   210  right
12  1600  -60   290   260  left
13  1600  -60   220   290  left
14  -60	  1600  160   310  right
15  -60   1600	40    320  right	
16  1600  -60   -10   330  left